# YOLOv5 Hyperparameter Evolution Results
# Best generation: 13
# Last generation: 157
#    metrics/precision,       metrics/recall,      metrics/mAP_0.5, metrics/mAP_0.5:0.95,         val/box_loss,         val/obj_loss,         val/cls_loss
#               0.9475,               0.9186,              0.95818,              0.67723,              0.02163,            0.0091632,                    0

lr0: 0.00936
lrf: 0.01199
momentum: 0.90224
weight_decay: 0.00051
warmup_epochs: 2.8586
warmup_momentum: 0.95
warmup_bias_lr: 0.14267
box: 0.04535
cls: 0.39334
cls_pw: 0.93016
obj: 0.89239
obj_pw: 0.9257
iou_t: 0.2
anchor_t: 3.8412
fl_gamma: 0.0
hsv_h: 0.0058
hsv_s: 0.69559
hsv_v: 0.36873
degrees: 0.0
translate: 0.06217
scale: 0.60757
shear: 0.0
perspective: 0.0
flipud: 0.0
fliplr: 0.5
mosaic: 0.76793
mixup: 0.0
copy_paste: 0.0
anchors: 2.3577
